0.01 0 -4.65923
0.02 0 -5.89777
0.03 0 -6.68642
0.04 0 -7.27839
0.05 0 -7.75857
0.06 0 -8.16618
0.07 0 -8.52322
0.08 0 -8.843
0.09 0 -9.13471
0.1 0 -9.40496
0.11 0 -9.65898
0.12 0 -9.90166
0.13 0 -10.139
0.14 0 -10.3825
0.15 0 -10.7063
0.16 0 -10.8376
0.17 0 -10.9651
0.18 0 -11.0899
0.19 0 -11.2111
0.2 0 -11.3287
0.21 0 -11.4447
0.22 0 -11.5584
0.23 0 -11.67
0.24 0 -11.7801
0.25 0 -11.8916
0.26 0 -12.0285
0.27 0 -12.0939
0.28 0 -12.1853
0.29 0 -12.2774
0.3 0 -12.3686
0.31 0 -12.4595
0.32 0 -12.5478
0.33 0 -12.6356
0.34 0 -12.7217
0.35 0 -12.8072
0.36 0 -12.8918
0.37 0 -12.9748
0.38 0 -13.0571
0.39 0 -13.1377
0.4 0 -13.2175
0.41 0 -13.2966
0.42 0 -13.3761
0.43 0 -13.4538
0.44 0 -13.5308
0.45 0 -13.6072
0.46 0 -13.6829
0.47 0 -13.758
0.48 0 -13.8325
0.49 0 -13.9063
0.5 0 -13.9806
0.51 0 -14.0542
0.52 0 -14.1273
0.53 0 -14.2
0.54 0 -14.273
0.55 0 -14.3457
0.56 0 -14.4179
0.57 0 -14.4907
0.58 0 -14.5631
0.59 0 -14.6362
0.6 0 -14.708
0.61 0 -14.7815
0.62 0 -14.8538
0.63 0 -14.928
0.64 0 -15.0012
0.65 0 -15.0753
0.66 0 -15.1506
0.67 0 -15.2259
0.68 0 -15.3025
0.69 0 -15.3794
0.7 0 -15.4578
0.71 0 -15.5379
0.72 0 -15.6186
0.73 0 -15.7003
0.74 0 -15.7842
0.75 0 -15.8703
0.76 0 -15.958
0.77 0 -16.0486
0.78 0 -16.1426
0.79 0 -16.2391
0.8 0 -16.3397
0.81 0 -16.4451
0.82 0 -16.5551
0.83 0 -16.6712
0.84 0 -16.7948
0.85 0 -16.926
0.86 0 -17.0678
0.87 0 -17.2221
0.88 0 -17.3919
0.89 0 -17.58
0.9 0 -17.7929
0.91 0 -18.0372
0.92 0 -18.3261
0.93 0 -18.6748
0.94 0 -19.1131
0.95 0 -19.6901
0.96 0 -20.5066
0.97 0 -21.7862
0.98 0 -24.1909
0.99 0 -30.9535
0.01 0.1 -4.6592
0.05 0.1 -7.75841
0.1 0.1 -9.40464
0.15 0.1 -10.7058
0.2 0.1 -11.328
0.25 0.1 -11.8908
0.3 0.1 -12.3676
0.35 0.1 -12.8059
0.4 0.1 -13.2161
0.45 0.1 -13.6056
0.5 0.1 -13.9787
0.55 0.1 -14.3435
0.6 0.1 -14.7055
0.65 0.1 -15.0724
0.7 0.1 -15.4544
0.75 0.1 -15.8662
0.8 0.1 -16.3345
0.85 0.1 -16.9191
0.9 0.1 -17.7823
0.95 0.1 -19.6683
0.99 0.1 -30.8385
0.01 0.2 -4.65911
0.05 0.2 -7.75797
0.1 0.2 -9.40375
0.15 0.2 -10.7045
0.2 0.2 -11.3262
0.25 0.2 -11.8885
0.3 0.2 -12.3648
0.35 0.2 -12.8026
0.4 0.2 -13.2122
0.45 0.2 -13.6011
0.5 0.2 -13.9735
0.55 0.2 -14.3375
0.6 0.2 -14.6986
0.65 0.2 -15.0644
0.7 0.2 -15.4449
0.75 0.2 -15.8546
0.8 0.2 -16.3199
0.85 0.2 -16.8993
0.9 0.2 -17.7521
0.95 0.2 -19.6059
0.99 0.2 -30.5075
0.01 0.3 -4.65899
0.05 0.3 -7.75737
0.1 0.3 -9.40253
0.15 0.3 -10.7026
0.2 0.3 -11.3237
0.25 0.3 -11.8853
0.3 0.3 -12.3609
0.35 0.3 -12.7979
0.4 0.3 -13.2067
0.45 0.3 -13.5947
0.5 0.3 -13.9661
0.55 0.3 -14.329
0.6 0.3 -14.6887
0.65 0.3 -15.0528
0.7 0.3 -15.4311
0.75 0.3 -15.8378
0.8 0.3 -16.2985
0.85 0.3 -16.8701
0.9 0.3 -17.707
0.95 0.3 -19.5114
0.99 0.3 -29.9995
0.01 0.4 -4.65878
0.05 0.4 -7.75679
0.1 0.4 -9.40134
0.15 0.4 -10.7008
0.2 0.4 -11.3212
0.25 0.4 -11.8821
0.3 0.4 -12.3569
0.35 0.4 -12.7932
0.4 0.4 -13.2011
0.45 0.4 -13.5881
0.5 0.4 -13.9584
0.55 0.4 -14.32
0.6 0.4 -14.6781
0.65 0.4 -15.0402
0.7 0.4 -15.4159
0.75 0.4 -15.819
0.8 0.4 -16.2741
0.85 0.4 -16.8363
0.9 0.4 -17.6537
0.95 0.4 -19.3968
0.99 0.4 -29.3685
0.01 0.5 -4.65871
0.05 0.5 -7.75644
0.1 0.5 -9.40061
0.15 0.5 -10.6996
0.2 0.5 -11.3196
0.25 0.5 -11.88
0.3 0.5 -12.3542
0.35 0.5 -12.7899
0.4 0.5 -13.1971
0.45 0.5 -13.5832
0.5 0.5 -13.9525
0.55 0.5 -14.313
0.6 0.5 -14.6696
0.65 0.5 -15.0298
0.7 0.5 -15.4029
0.75 0.5 -15.8021
0.8 0.5 -16.2515
0.85 0.5 -16.8036
0.9 0.5 -17.5998
0.95 0.5 -19.2756
0.99 0.5 -28.6715
0.01 0.6 -4.65866
0.05 0.6 -7.75652
0.1 0.6 -9.4009
0.15 0.6 -10.7
0.2 0.6 -11.3199
0.25 0.6 -11.8803
0.3 0.6 -12.3544
0.35 0.6 -12.7899
0.4 0.6 -13.1968
0.45 0.6 -13.5825
0.5 0.6 -13.9512
0.55 0.6 -14.3109
0.6 0.6 -14.6664
0.65 0.6 -15.0251
0.7 0.6 -15.396
0.75 0.6 -15.7919
0.8 0.6 -16.236
0.85 0.6 -16.7785
0.9 0.6 -17.5538
0.95 0.6 -19.1618
0.99 0.6 -27.9645
0.01 0.7 -4.65889
0.05 0.7 -7.75763
0.1 0.7 -9.40294
0.15 0.7 -10.7031
0.2 0.7 -11.3239
0.25 0.7 -11.885
0.3 0.7 -12.3599
0.35 0.7 -12.7959
0.4 0.7 -13.2033
0.45 0.7 -13.5894
0.5 0.7 -13.9583
0.55 0.7 -14.3179
0.6 0.7 -14.6732
0.65 0.7 -15.0312
0.7 0.7 -15.4009
0.75 0.7 -15.7946
0.8 0.7 -16.2346
0.85 0.7 -16.7691
0.9 0.7 -17.5261
0.95 0.7 -19.071
0.99 0.7 -27.2965
0.01 0.8 -4.65938
0.05 0.8 -7.76047
0.1 0.8 -9.40848
0.15 0.8 -10.7112
0.2 0.8 -11.3345
0.25 0.8 -11.898
0.3 0.8 -12.375
0.35 0.8 -12.8131
0.4 0.8 -13.2224
0.45 0.8 -13.6103
0.5 0.8 -13.9809
0.55 0.8 -14.3421
0.6 0.8 -14.6986
0.65 0.8 -15.0577
0.7 0.8 -15.4279
0.75 0.8 -15.8215
0.8 0.8 -16.2599
0.85 0.8 -16.7898
0.9 0.8 -17.5335
0.95 0.8 -19.0258
0.99 0.8 -26.7205
0.01 0.9 -4.66084
0.05 0.9 -7.76745
0.1 0.9 -9.42217
0.15 0.9 -10.7314
0.2 0.9 -11.3609
0.25 0.9 -11.9305
0.3 0.9 -12.4133
0.35 0.9 -12.857
0.4 0.9 -13.2718
0.45 0.9 -13.665
0.5 0.9 -14.0408
0.55 0.9 -14.407
0.6 0.9 -14.7685
0.65 0.9 -15.1325
0.7 0.9 -15.5076
0.75 0.9 -15.9058
0.8 0.9 -16.3485
0.85 0.9 -16.8813
0.9 0.9 -17.623
0.95 0.9 -19.0857
0.99 0.9 -26.3345
0.01 0.99 -4.66838
0.05 0.99 -7.79895
0.1 0.99 -9.48286
0.15 0.99 -10.8205
0.2 0.99 -11.4777
0.25 0.99 -12.0741
0.3 0.99 -12.5831
0.35 0.99 -13.0524
0.4 0.99 -13.4922
0.45 0.99 -13.9102
0.5 0.99 -14.3107
0.55 0.99 -14.702
0.6 0.99 -15.0891
0.65 0.99 -15.4798
0.7 0.99 -15.8835
0.75 0.99 -16.3134
0.8 0.99 -16.7927
0.85 0.99 -17.3707
0.9 0.99 -18.1741
0.95 0.99 -19.7348
0.99 0.99 -26.7495
