0.15 0 12.8016
0.16 0 4.67457
0.17 0 3.70971
0.18 0 3.30281
0.19 0 3.07673
0.2 0 2.93213
0.21 0 2.83101
0.22 0 2.75517
0.23 0 2.6947
0.24 0 2.64365
0.25 0 2.59678
0.26 0 2.52672
0.27 0 2.53011
0.28 0 2.50829
0.29 0 2.48608
0.3 0 2.46433
0.31 0 2.44321
0.32 0 2.42264
0.33 0 2.40252
0.34 0 2.38271
0.35 0 2.36305
0.36 0 2.34359
0.37 0 2.32433
0.38 0 2.30512
0.39 0 2.28593
0.4 0 2.26681
0.41 0 2.24765
0.42 0 2.22848
0.43 0 2.2093
0.44 0 2.19012
0.45 0 2.17086
0.46 0 2.15172
0.47 0 2.13251
0.48 0 2.11325
0.49 0 2.09406
0.5 0 2.07484
0.51 0 2.05562
0.52 0 2.03649
0.53 0 2.01739
0.54 0 1.99843
0.55 0 1.97953
0.56 0 1.96082
0.57 0 1.94212
0.58 0 1.92375
0.59 0 1.90545
0.6 0 1.88746
0.61 0 1.86979
0.62 0 1.8524
0.63 0 1.83534
0.64 0 1.81873
0.65 0 1.80256
0.66 0 1.78696
0.67 0 1.77193
0.68 0 1.75762
0.69 0 1.74403
0.7 0 1.73137
0.71 0 1.71973
0.72 0 1.70915
0.73 0 1.69987
0.74 0 1.69198
0.75 0 1.68575
0.76 0 1.68134
0.77 0 1.67907
0.78 0 1.67929
0.79 0 1.68225
0.8 0 1.6885
0.81 0 1.69855
0.82 0 1.71306
0.83 0 1.73269
0.84 0 1.75849
0.85 0 1.79157
0.86 0 1.83351
0.87 0 1.88624
0.88 0 1.95225
0.89 0 2.03482
0.9 0 2.13832
0.91 0 2.26905
0.92 0 2.43592
0.93 0 2.6522
0.94 0 2.93916
0.95 0 3.33311
0.96 0 3.90264
0.97 0 4.80158
0.98 0 6.47804
0.99 0 11.1498
0.2 0.1 2.93401
0.25 0.1 2.59881
0.3 0.1 2.46675
0.35 0.1 2.36582
0.4 0.1 2.26987
0.45 0.1 2.17445
0.5 0.1 2.07872
0.55 0.1 1.98402
0.6 0.1 1.89239
0.65 0.1 1.80804
0.7 0.1 1.73735
0.75 0.1 1.69203
0.8 0.1 1.6949
0.85 0.1 1.79755
0.9 0.1 2.1428
0.95 0.1 3.33561
0.99 0.1 11.1673
0.2 0.2 2.9394
0.25 0.2 2.60513
0.3 0.2 2.47394
0.35 0.2 2.37392
0.4 0.2 2.27902
0.45 0.2 2.1848
0.5 0.2 2.09049
0.55 0.2 1.99713
0.6 0.2 1.90712
0.65 0.2 1.8243
0.7 0.2 1.75504
0.75 0.2 1.71081
0.8 0.2 1.71404
0.85 0.2 1.81558
0.9 0.2 2.15715
0.95 0.2 3.34541
0.99 0.2 11.2291
0.2 0.3 2.94839
0.25 0.3 2.61532
0.3 0.3 2.48555
0.35 0.3 2.38708
0.4 0.3 2.29395
0.45 0.3 2.20164
0.5 0.3 2.10956
0.55 0.3 2.01863
0.6 0.3 1.93109
0.65 0.3 1.85079
0.7 0.3 1.78401
0.75 0.3 1.74181
0.8 0.3 1.74605
0.85 0.3 1.84645
0.9 0.3 2.18358
0.95 0.3 3.36881
0.99 0.3 11.3639
0.2 0.4 2.96072
0.25 0.4 2.62939
0.3 0.4 2.50145
0.35 0.4 2.40512
0.4 0.4 2.31437
0.45 0.4 2.22485
0.5 0.4 2.13569
0.55 0.4 2.04807
0.6 0.4 1.96407
0.65 0.4 1.88742
0.7 0.4 1.8242
0.75 0.4 1.78514
0.8 0.4 1.79159
0.85 0.4 1.89224
0.9 0.4 2.22682
0.95 0.4 3.41771
0.99 0.4 11.6255
0.2 0.5 2.97687
0.25 0.5 2.64774
0.3 0.5 2.52217
0.35 0.5 2.42852
0.4 0.5 2.34086
0.45 0.5 2.25468
0.5 0.5 2.16947
0.55 0.5 2.08611
0.6 0.5 2.00683
0.65 0.5 1.93515
0.7 0.5 1.87689
0.75 0.5 1.8427
0.8 0.5 1.85345
0.85 0.5 1.95743
0.9 0.5 2.29564
0.95 0.5 3.51231
0.99 0.5 12.1086
0.25 0.6 2.67197
0.3 0.6 2.54935
0.35 0.6 2.45907
0.4 0.6 2.37532
0.45 0.6 2.29361
0.5 0.6 2.21345
0.55 0.6 2.13571
0.6 0.6 2.0626
0.65 0.6 1.99762
0.7 0.6 1.94662
0.75 0.6 1.92015
0.8 0.6 1.93912
0.85 0.6 2.05298
0.9 0.6 2.40806
0.95 0.6 3.69011
0.99 0.6 12.9944
0.3 0.7 2.58859
0.35 0.7 2.50298
0.4 0.7 2.42451
0.45 0.7 2.34903
0.5 0.7 2.27571
0.55 0.7 2.20579
0.6 0.7 2.14144
0.65 0.7 2.0863
0.7 0.7 2.04659
0.75 0.7 2.0332
0.8 0.7 2.06859
0.85 0.7 2.20582
0.9 0.7 2.60518
0.95 0.7 4.03431
0.99 0.7 14.6898
0.45 0.8 2.44511
0.5 0.8 2.38284
0.55 0.8 2.32543
0.6 0.8 2.27564
0.65 0.8 2.23771
0.7 0.8 2.21862
0.75 0.8 2.23171
0.8 0.8 2.3035
0.85 0.8 2.49811
0.9 0.8 3.00968
0.95 0.8 4.78841
0.99 0.8 18.401
0.8 0.9 2.95338
0.85 0.9 3.33837
0.9 0.9 4.22958
0.95 0.9 7.15881
0.99 0.9 30.1329
