0.05 0 7.30018
0.1 0 2.6272
0.15 0 2.4794
0.2 0 2.31315
0.25 0 2.11138
0.3 0 1.87198
0.35 0 1.59121
0.4 0 1.26594
0.45 0 0.90519
0.5 0 0.56952
0.55 0 0.48149
0.56 0 0.5329
0.57 0 0.61679
0.58 0 0.73551
0.59 0 0.88834
0.6 0 1.0694
0.61 0 1.26582
0.62 0 1.45527
0.63 0 1.59995
0.64 0 1.63572
0.641 0 1.62955
0.642 0 1.62122
0.643 0 1.61043
0.644 0 1.59704
0.645 0 1.581
0.646 0 1.56226
0.647 0 1.54046
0.648 0 1.51577
0.649 0 1.48804
0.65 0 1.45734
0.651 0 1.42393
0.652 0 1.3881
0.653 0 1.3506
0.654 0 1.31252
0.655 0 1.27561
0.656 0 1.24242
0.657 0 1.21712
0.658 0 1.20541
0.659 0 1.21621
0.66 0 1.26179
0.661 0 1.35951
0.662 0 1.53166
0.663 0 1.80585
0.664 0 2.21051
0.665 0 2.76734
0.666 0 3.47813
0.667 0 4.31011
0.668 0 5.19179
0.669 0 6.03193
0.67 0 6.74832
0.671 0 7.29447
0.672 0 7.66334
0.673 0 7.87801
0.674 0 7.9732
0.675 0 7.98448
0.676 0 7.94075
0.677 0 7.86383
0.678 0 7.76859
0.679 0 7.66518
0.68 0 7.55969
0.681 0 7.45621
0.682 0 7.35694
0.683 0 7.26317
0.684 0 7.1754
0.685 0 7.09379
0.686 0 7.01825
0.687 0 6.94853
0.688 0 6.8842
0.689 0 6.82503
0.69 0 6.77056
0.691 0 6.72044
0.692 0 6.67432
0.693 0 6.63202
0.694 0 6.59287
0.695 0 6.55701
0.696 0 6.52385
0.697 0 6.49342
0.698 0 6.46532
0.699 0 6.43938
0.7 0 6.4155
0.71 0 6.25731
0.72 0 6.18606
0.73 0 6.15616
0.74 0 6.14789
0.75 0 6.15253
0.8 0 6.32593
0.85 0 6.9162
0.9 0 8.5275
0.95 0 13.7806
0.05 0.1 7.30062
0.075 0.1 2.80066
0.1 0.1 2.62761
0.125 0.1 2.55219
0.15 0.1 2.47966
0.175 0.1 2.40076
0.2 0.1 2.31334
0.225 0.1 2.21698
0.25 0.1 2.1116
0.275 0.1 1.99687
0.3 0.1 1.87232
0.325 0.1 1.73747
0.35 0.1 1.59185
0.375 0.1 1.43481
0.4 0.1 1.26689
0.425 0.1 1.08942
0.45 0.1 0.9066
0.475 0.1 0.72767
0.5 0.1 0.57138
0.525 0.1 0.47189
0.55 0.1 0.48391
0.575 0.1 0.67443
0.6 0.1 1.07228
0.625 0.1 1.53948
0.63 0.1 1.60302
0.635 0.1 1.64006
0.64 0.1 1.63874
0.645 0.1 1.58403
0.65 0.1 1.4601
0.655 0.1 1.27813
0.66 0.1 1.26399
0.665 0.1 2.76921
0.67 0.1 6.74999
0.675 0.1 7.98616
0.68 0.1 7.5615
0.685 0.1 7.09581
0.69 0.1 6.77277
0.695 0.1 6.55929
0.7 0.1 6.41802
0.725 0.1 6.17034
0.75 0.1 6.15528
0.775 0.1 6.20786
0.8 0.1 6.32742
0.825 0.1 6.5458
0.85 0.1 6.9145
0.875 0.1 7.5182
0.9 0.1 8.518
0.925 0.1 10.2689
0.95 0.1 13.751
0.975 0.1 23.1902
0.99 0.1 46.418
0.1 0.2 2.62849
0.125 0.2 2.55285
0.15 0.2 2.48017
0.175 0.2 2.40108
0.2 0.2 2.31364
0.225 0.2 2.21731
0.25 0.2 2.11204
0.275 0.2 1.9975
0.3 0.2 1.8732
0.325 0.2 1.73868
0.35 0.2 1.59335
0.375 0.2 1.43676
0.4 0.2 1.26946
0.425 0.2 1.09248
0.45 0.2 0.9104
0.475 0.2 0.73225
0.5 0.2 0.57669
0.525 0.2 0.47795
0.55 0.2 0.49085
0.575 0.2 0.68214
0.6 0.2 1.0808
0.625 0.2 1.54848
0.63 0.2 1.61204
0.635 0.2 1.64895
0.64 0.2 1.6476
0.645 0.2 1.59252
0.65 0.2 1.46823
0.655 0.2 1.28543
0.66 0.2 1.27047
0.665 0.2 2.77467
0.67 0.2 6.75492
0.675 0.2 7.99112
0.68 0.2 7.56693
0.685 0.2 7.10185
0.69 0.2 6.77942
0.695 0.2 6.56646
0.7 0.2 6.42561
0.725 0.2 6.17895
0.75 0.2 6.16367
0.775 0.2 6.21525
0.8 0.2 6.33267
0.825 0.2 6.5476
0.85 0.2 6.9109
0.875 0.2 7.5064
0.9 0.2 8.4932
0.925 0.2 10.2235
0.95 0.2 13.6725
0.975 0.2 23.0675
0.99 0.2 46.3524
0.1 0.3 2.62916
0.125 0.3 2.55308
0.15 0.3 2.48017
0.175 0.3 2.40075
0.2 0.3 2.3132
0.225 0.3 2.21689
0.25 0.3 2.11165
0.275 0.3 1.99735
0.3 0.3 1.87343
0.325 0.3 1.73949
0.35 0.3 1.59487
0.375 0.3 1.439
0.4 0.3 1.27263
0.425 0.3 1.09668
0.45 0.3 0.91563
0.475 0.3 0.73869
0.5 0.3 0.58442
0.525 0.3 0.48714
0.55 0.3 0.50133
0.575 0.3 0.6941
0.6 0.3 1.09406
0.625 0.3 1.56274
0.63 0.3 1.62626
0.635 0.3 1.66313
0.64 0.3 1.66157
0.645 0.3 1.60607
0.65 0.3 1.48093
0.655 0.3 1.2971
0.66 0.3 1.2806
0.665 0.3 2.78345
0.67 0.3 6.763
0.675 0.3 7.99944
0.68 0.3 7.57615
0.685 0.3 7.11209
0.69 0.3 6.79072
0.695 0.3 6.57877
0.7 0.3 6.43857
0.725 0.3 6.19377
0.75 0.3 6.17872
0.775 0.3 6.22912
0.8 0.3 6.344
0.825 0.3 6.5545
0.85 0.3 6.9104
0.875 0.3 7.4946
0.9 0.3 8.464
0.925 0.3 10.1675
0.95 0.3 13.5752
0.975 0.3 22.9336
0.99 0.3 46.3904
0.1 0.4 2.62827
0.125 0.4 2.55155
0.15 0.4 2.47797
0.175 0.4 2.39815
0.2 0.4 2.31028
0.225 0.4 2.21402
0.25 0.4 2.10901
0.275 0.4 1.99501
0.3 0.4 1.87166
0.325 0.4 1.73837
0.35 0.4 1.59467
0.375 0.4 1.43998
0.4 0.4 1.27476
0.425 0.4 1.10031
0.45 0.4 0.9209
0.475 0.4 0.74565
0.5 0.4 0.59329
0.525 0.4 0.49792
0.55 0.4 0.51429
0.575 0.4 0.70906
0.6 0.4 1.11101
0.625 0.4 1.58111
0.63 0.4 1.64473
0.635 0.4 1.68164
0.64 0.4 1.67972
0.645 0.4 1.62365
0.65 0.4 1.49752
0.655 0.4 1.31213
0.66 0.4 1.29383
0.665 0.4 2.7951
0.67 0.4 6.77409
0.675 0.4 8.01114
0.68 0.4 7.58948
0.685 0.4 7.12718
0.69 0.4 6.80744
0.695 0.4 6.59678
0.7 0.4 6.45773
0.725 0.4 6.21631
0.75 0.4 6.20226
0.775 0.4 6.25242
0.8 0.4 6.36538
0.825 0.4 6.5719
0.85 0.4 6.9213
0.875 0.4 7.4952
0.9 0.4 8.4489
0.925 0.4 10.1295
0.95 0.4 13.5093
0.975 0.4 22.8932
0.99 0.4 46.765
0.1 0.5 2.6235
0.125 0.5 2.54571
0.15 0.5 2.47124
0.175 0.5 2.3908
0.2 0.5 2.30265
0.225 0.5 2.20616
0.25 0.5 2.10136
0.275 0.5 1.98782
0.3 0.5 1.86516
0.325 0.5 1.73291
0.35 0.5 1.59048
0.375 0.5 1.43729
0.4 0.5 1.2738
0.425 0.5 1.1013
0.45 0.5 0.92406
0.475 0.5 0.75128
0.5 0.5 0.60158
0.525 0.5 0.50894
0.55 0.5 0.52826
0.575 0.5 0.72606
0.6 0.5 1.1308
0.625 0.5 1.60299
0.63 0.5 1.66678
0.635 0.5 1.70356
0.64 0.5 1.70132
0.645 0.5 1.64454
0.65 0.5 1.51721
0.655 0.5 1.33006
0.66 0.5 1.30975
0.665 0.5 2.80951
0.67 0.5 6.78843
0.675 0.5 8.02708
0.68 0.5 7.60786
0.685 0.5 7.14824
0.69 0.5 6.83082
0.695 0.5 6.62221
0.7 0.5 6.48488
0.725 0.5 6.24893
0.75 0.5 6.23811
0.775 0.5 6.29011
0.8 0.5 6.40385
0.825 0.5 6.6097
0.85 0.5 6.9569
0.875 0.5 7.5268
0.9 0.5 8.4754
0.925 0.5 10.1532
0.95 0.5 13.5502
0.975 0.5 23.1082
0.99 0.5 47.849
0.1 0.6 2.6112
0.125 0.6 2.53164
0.15 0.6 2.45585
0.175 0.6 2.37458
0.2 0.6 2.28586
0.225 0.6 2.18937
0.25 0.6 2.08481
0.275 0.6 1.97195
0.3 0.6 1.85031
0.325 0.6 1.7194
0.35 0.6 1.57864
0.375 0.6 1.42754
0.4 0.6 1.26646
0.425 0.6 1.0967
0.45 0.6 0.9225
0.475 0.6 0.75307
0.5 0.6 0.60702
0.525 0.6 0.51849
0.55 0.6 0.54195
0.575 0.6 0.7441
0.6 0.6 1.15307
0.625 0.6 1.6284
0.63 0.6 1.69234
0.635 0.6 1.72911
0.64 0.6 1.72651
0.645 0.6 1.66886
0.65 0.6 1.53995
0.655 0.6 1.35077
0.66 0.6 1.32833
0.665 0.6 2.82688
0.67 0.6 6.80685
0.675 0.6 8.04868
0.68 0.6 7.63367
0.685 0.6 7.17811
0.69 0.6 6.86444
0.695 0.6 6.65892
0.7 0.6 6.5241
0.725 0.6 6.29736
0.75 0.6 6.29342
0.775 0.6 6.35186
0.8 0.6 6.4718
0.825 0.6 6.6846
0.85 0.6 7.04
0.875 0.6 7.6214
0.9 0.6 8.5901
0.925 0.6 10.3103
0.95 0.6 13.822
0.975 0.6 23.8533
0.99 0.6 50.308
0.1 0.7 2.5834
0.125 0.7 2.50121
0.15 0.7 2.42358
0.175 0.7 2.34111
0.2 0.7 2.25179
0.225 0.7 2.15533
0.25 0.7 2.05131
0.275 0.7 1.93959
0.3 0.7 1.81958
0.325 0.7 1.69077
0.35 0.7 1.55258
0.375 0.7 1.40454
0.4 0.7 1.24718
0.425 0.7 1.08142
0.45 0.7 0.9119
0.475 0.7 0.74752
0.5 0.7 0.60698
0.525 0.7 0.52441
0.55 0.7 0.55433
0.575 0.7 0.76308
0.6 0.7 1.17859
0.625 0.7 1.65884
0.63 0.7 1.72331
0.635 0.7 1.76002
0.64 0.7 1.75693
0.645 0.7 1.69803
0.65 0.7 1.5673
0.655 0.7 1.37554
0.66 0.7 1.3509
0.665 0.7 2.84924
0.67 0.7 6.83244
0.675 0.7 8.0804
0.68 0.7 7.67271
0.685 0.7 7.22406
0.69 0.7 6.91631
0.695 0.7 6.71569
0.7 0.7 6.58525
0.725 0.7 6.37482
0.75 0.7 6.38529
0.775 0.7 6.45916
0.8 0.7 6.5974
0.825 0.7 6.8329
0.85 0.7 7.2188
0.875 0.7 7.8454
0.9 0.7 8.8881
0.925 0.7 10.7476
0.95 0.7 14.5793
0.975 0.7 25.6954
0.99 0.7 55.5781
0.15 0.8 2.35224
0.175 0.8 2.26824
0.2 0.8 2.17863
0.225 0.8 2.0827
0.25 0.8 1.98018
0.275 0.8 1.87076
0.3 0.8 1.75394
0.325 0.8 1.6291
0.35 0.8 1.49574
0.375 0.8 1.35331
0.4 0.8 1.20224
0.425 0.8 1.04375
0.45 0.8 0.88211
0.475 0.8 0.72663
0.5 0.8 0.59582
0.525 0.8 0.52369
0.55 0.8 0.5648
0.575 0.8 0.78549
0.6 0.8 1.21258
0.625 0.8 1.70168
0.63 0.8 1.76681
0.635 0.8 1.80372
0.64 0.8 1.79976
0.645 0.8 1.73899
0.65 0.8 1.60517
0.655 0.8 1.40991
0.66 0.8 1.38275
0.665 0.8 2.88289
0.67 0.8 6.87432
0.675 0.8 8.13556
0.68 0.8 7.74238
0.685 0.8 7.30712
0.69 0.8 7.01054
0.695 0.8 6.81943
0.7 0.8 6.69721
0.725 0.8 6.51994
0.75 0.8 6.56316
0.775 0.8 6.6751
0.8 0.8 6.861
0.825 0.8 7.1588
0.85 0.8 7.6316
0.875 0.8 8.3872
0.9 0.8 9.6388
0.925 0.8 11.8787
0.95 0.8 16.5374
0.975 0.8 30.2544
0.99 0.8 67.8311
0.3 0.9 1.57254
0.325 0.9 1.45862
0.35 0.9 1.33784
0.375 0.9 1.20975
0.4 0.9 1.07475
0.425 0.9 0.93413
0.45 0.9 0.79223
0.475 0.9 0.65848
0.5 0.9 0.55157
0.525 0.9 0.50544
0.55 0.9 0.57477
0.575 0.9 0.82529
0.6 0.9 1.28238
0.625 0.9 1.79418
0.63 0.9 1.86133
0.635 0.9 1.89837
0.64 0.9 1.89239
0.645 0.9 1.82693
0.65 0.9 1.68583
0.655 0.9 1.48239
0.66 0.9 1.45145
0.665 0.9 2.96038
0.67 0.9 6.97829
0.675 0.9 8.27899
0.68 0.9 7.92779
0.685 0.9 7.5299
0.69 0.9 7.26489
0.695 0.9 7.10046
0.7 0.9 7.00146
0.725 0.9 6.92297
0.75 0.9 7.0697
0.775 0.9 7.3083
0.8 0.9 7.6571
0.825 0.9 8.1739
0.85 0.9 8.9547
0.875 0.9 10.1698
0.9 0.9 12.1612
0.925 0.9 15.7278
0.95 0.9 23.2062
0.975 0.9 45.5052
0.99 0.9 107.729
0.5 0.95 0.46588
0.525 0.95 0.46462
0.55 0.95 0.58301
0.575 0.95 0.88639
0.6 0.95 1.39686
0.625 0.95 1.94983
0.63 0.95 2.02032
0.635 0.95 2.05768
0.64 0.95 2.04798
0.645 0.95 1.97401
0.65 0.95 1.81993
0.655 0.95 1.6026
0.66 0.95 1.56669
0.665 0.95 3.09502
0.67 0.95 7.16589
0.675 0.95 8.54322
0.68 0.95 8.27228
0.685 0.95 7.94592
0.69 0.95 7.7411
0.695 0.95 7.6278
0.7 0.95 7.5736
0.725 0.95 7.6893
0.75 0.95 8.0456
0.775 0.95 8.5448
0.8 0.95 9.233
0.825 0.95 10.2089
0.85 0.95 11.638
0.875 0.95 13.8204
0.9 0.95 17.3657
0.925 0.95 23.7052
0.95 0.95 37.0446
0.975 0.95 77.0315
0.99 0.95 189.66
